0.000000e+00 1.000000e+01 1.000000e+01 1.000000e+01
1.001001e-02 9.950075e+00 1.000000e+01 9.970000e+00
2.002002e-02 9.900399e+00 1.000000e+01 9.940000e+00
3.003003e-02 9.850971e+00 1.000000e+01 9.890000e+00
4.004004e-02 9.801790e+00 1.000000e+01 9.850000e+00
5.005005e-02 9.752855e+00 1.000000e+01 9.830000e+00
6.006006e-02 9.704164e+00 1.000000e+01 9.770000e+00
7.007007e-02 9.655716e+00 1.000000e+01 9.740000e+00
8.008008e-02 9.607510e+00 1.000000e+01 9.710000e+00
9.009009e-02 9.559544e+00 1.000000e+01 9.660000e+00
1.001001e-01 9.511818e+00 1.000000e+01 9.610000e+00
1.101101e-01 9.464330e+00 1.000000e+01 9.580000e+00
1.201201e-01 9.417080e+00 9.000000e+00 9.520000e+00
1.301301e-01 9.370065e+00 9.000000e+00 9.490000e+00
1.401401e-01 9.323285e+00 8.000000e+00 9.450000e+00
1.501502e-01 9.276738e+00 8.000000e+00 9.400000e+00
1.601602e-01 9.230424e+00 8.000000e+00 9.320000e+00
1.701702e-01 9.184341e+00 8.000000e+00 9.260000e+00
1.801802e-01 9.138489e+00 8.000000e+00 9.220000e+00
1.901902e-01 9.092865e+00 8.000000e+00 9.150000e+00
2.002002e-01 9.047468e+00 8.000000e+00 9.100000e+00
2.102102e-01 9.002299e+00 8.000000e+00 9.030000e+00
2.202202e-01 8.957355e+00 8.000000e+00 9.000000e+00
2.302302e-01 8.912635e+00 8.000000e+00 8.980000e+00
2.402402e-01 8.868139e+00 8.000000e+00 8.940000e+00
2.502503e-01 8.823865e+00 8.000000e+00 8.920000e+00
2.602603e-01 8.779812e+00 8.000000e+00 8.840000e+00
2.702703e-01 8.735978e+00 8.000000e+00 8.790000e+00
2.802803e-01 8.692364e+00 8.000000e+00 8.740000e+00
2.902903e-01 8.648967e+00 8.000000e+00 8.680000e+00
3.003003e-01 8.605788e+00 8.000000e+00 8.660000e+00
3.103103e-01 8.562823e+00 8.000000e+00 8.590000e+00
3.203203e-01 8.520073e+00 8.000000e+00 8.560000e+00
3.303303e-01 8.477537e+00 8.000000e+00 8.520000e+00
3.403403e-01 8.435213e+00 8.000000e+00 8.450000e+00
3.503504e-01 8.393100e+00 8.000000e+00 8.430000e+00
3.603604e-01 8.351197e+00 8.000000e+00 8.370000e+00
3.703704e-01 8.309504e+00 8.000000e+00 8.300000e+00
3.803804e-01 8.268019e+00 8.000000e+00 8.280000e+00
3.903904e-01 8.226741e+00 8.000000e+00 8.250000e+00
4.004004e-01 8.185669e+00 8.000000e+00 8.210000e+00
4.104104e-01 8.144802e+00 8.000000e+00 8.170000e+00
4.204204e-01 8.104139e+00 8.000000e+00 8.110000e+00
4.304304e-01 8.063679e+00 8.000000e+00 8.060000e+00
4.404404e-01 8.023421e+00 8.000000e+00 8.020000e+00
4.504505e-01 7.983364e+00 8.000000e+00 7.980000e+00
4.604605e-01 7.943507e+00 8.000000e+00 7.940000e+00
4.704705e-01 7.903849e+00 8.000000e+00 7.900000e+00
4.804805e-01 7.864389e+00 8.000000e+00 7.890000e+00
4.904905e-01 7.825126e+00 8.000000e+00 7.810000e+00
5.005005e-01 7.786059e+00 8.000000e+00 7.800000e+00
5.105105e-01 7.747187e+00 8.000000e+00 7.780000e+00
5.205205e-01 7.708509e+00 8.000000e+00 7.690000e+00
5.305305e-01 7.670025e+00 8.000000e+00 7.630000e+00
5.405405e-01 7.631732e+00 8.000000e+00 7.590000e+00
5.505506e-01 7.593631e+00 8.000000e+00 7.580000e+00
5.605606e-01 7.555719e+00 8.000000e+00 7.530000e+00
5.705706e-01 7.517997e+00 8.000000e+00 7.500000e+00
5.805806e-01 7.480464e+00 8.000000e+00 7.450000e+00
5.905906e-01 7.443118e+00 8.000000e+00 7.450000e+00
6.006006e-01 7.405958e+00 8.000000e+00 7.440000e+00
6.106106e-01 7.368984e+00 8.000000e+00 7.390000e+00
6.206206e-01 7.332194e+00 8.000000e+00 7.360000e+00
6.306306e-01 7.295588e+00 8.000000e+00 7.300000e+00
6.406406e-01 7.259165e+00 8.000000e+00 7.270000e+00
6.506507e-01 7.222923e+00 8.000000e+00 7.240000e+00
6.606607e-01 7.186863e+00 8.000000e+00 7.230000e+00
6.706707e-01 7.150982e+00 8.000000e+00 7.230000e+00
6.806807e-01 7.115281e+00 8.000000e+00 7.190000e+00
6.906907e-01 7.079758e+00 8.000000e+00 7.150000e+00
7.007007e-01 7.044412e+00 8.000000e+00 7.110000e+00
7.107107e-01 7.009243e+00 8.000000e+00 7.040000e+00
7.207207e-01 6.974250e+00 8.000000e+00 7.010000e+00
7.307307e-01 6.939431e+00 8.000000e+00 6.980000e+00
7.407407e-01 6.904786e+00 8.000000e+00 6.930000e+00
7.507508e-01 6.870313e+00 8.000000e+00 6.910000e+00
7.607608e-01 6.836013e+00 8.000000e+00 6.900000e+00
7.707708e-01 6.801885e+00 8.000000e+00 6.840000e+00
7.807808e-01 6.767926e+00 8.000000e+00 6.810000e+00
7.907908e-01 6.734137e+00 8.000000e+00 6.770000e+00
8.008008e-01 6.700517e+00 8.000000e+00 6.710000e+00
8.108108e-01 6.667065e+00 8.000000e+00 6.670000e+00
8.208208e-01 6.633779e+00 8.000000e+00 6.610000e+00
8.308308e-01 6.600660e+00 8.000000e+00 6.540000e+00
8.408408e-01 6.567706e+00 8.000000e+00 6.500000e+00
8.508509e-01 6.534917e+00 8.000000e+00 6.490000e+00
8.608609e-01 6.502292e+00 8.000000e+00 6.480000e+00
8.708709e-01 6.469829e+00 8.000000e+00 6.460000e+00
8.808809e-01 6.437528e+00 8.000000e+00 6.430000e+00
8.908909e-01 6.405389e+00 8.000000e+00 6.410000e+00
9.009009e-01 6.373410e+00 8.000000e+00 6.400000e+00
9.109109e-01 6.341591e+00 8.000000e+00 6.360000e+00
9.209209e-01 6.309930e+00 8.000000e+00 6.320000e+00
9.309309e-01 6.278428e+00 8.000000e+00 6.220000e+00
9.409409e-01 6.247083e+00 8.000000e+00 6.190000e+00
9.509510e-01 6.215894e+00 8.000000e+00 6.160000e+00
9.609610e-01 6.184861e+00 8.000000e+00 6.120000e+00
9.709710e-01 6.153984e+00 8.000000e+00 6.100000e+00
9.809810e-01 6.123260e+00 8.000000e+00 6.060000e+00
9.909910e-01 6.092689e+00 8.000000e+00 6.020000e+00
1.001001e+00 6.062272e+00 8.000000e+00 5.990000e+00
1.011011e+00 6.032006e+00 8.000000e+00 5.980000e+00
1.021021e+00 6.001891e+00 8.000000e+00 5.940000e+00
1.031031e+00 5.971927e+00 8.000000e+00 5.900000e+00
1.041041e+00 5.942112e+00 8.000000e+00 5.840000e+00
1.051051e+00 5.912446e+00 8.000000e+00 5.810000e+00
1.061061e+00 5.882928e+00 8.000000e+00 5.790000e+00
1.071071e+00 5.853557e+00 8.000000e+00 5.750000e+00
1.081081e+00 5.824333e+00 8.000000e+00 5.720000e+00
1.091091e+00 5.795255e+00 8.000000e+00 5.680000e+00
1.101101e+00 5.766323e+00 8.000000e+00 5.670000e+00
1.111111e+00 5.737534e+00 8.000000e+00 5.660000e+00
1.121121e+00 5.708890e+00 7.000000e+00 5.650000e+00
1.131131e+00 5.680388e+00 7.000000e+00 5.600000e+00
1.141141e+00 5.652029e+00 7.000000e+00 5.560000e+00
1.151151e+00 5.623811e+00 7.000000e+00 5.490000e+00
1.161161e+00 5.595734e+00 7.000000e+00 5.470000e+00
1.171171e+00 5.567797e+00 7.000000e+00 5.450000e+00
1.181181e+00 5.540000e+00 7.000000e+00 5.430000e+00
1.191191e+00 5.512342e+00 7.000000e+00 5.400000e+00
1.201201e+00 5.484821e+00 6.000000e+00 5.370000e+00
1.211211e+00 5.457438e+00 6.000000e+00 5.330000e+00
1.221221e+00 5.430192e+00 6.000000e+00 5.290000e+00
1.231231e+00 5.403082e+00 6.000000e+00 5.260000e+00
1.241241e+00 5.376107e+00 6.000000e+00 5.240000e+00
1.251251e+00 5.349267e+00 6.000000e+00 5.240000e+00
1.261261e+00 5.322560e+00 6.000000e+00 5.220000e+00
1.271271e+00 5.295987e+00 6.000000e+00 5.200000e+00
1.281281e+00 5.269547e+00 6.000000e+00 5.170000e+00
1.291291e+00 5.243239e+00 6.000000e+00 5.160000e+00
1.301301e+00 5.217062e+00 6.000000e+00 5.130000e+00
1.311311e+00 5.191016e+00 5.000000e+00 5.050000e+00
1.321321e+00 5.165100e+00 5.000000e+00 5.030000e+00
1.331331e+00 5.139313e+00 5.000000e+00 5.020000e+00
1.341341e+00 5.113655e+00 5.000000e+00 5.010000e+00
1.351351e+00 5.088125e+00 5.000000e+00 4.990000e+00
1.361361e+00 5.062723e+00 5.000000e+00 4.980000e+00
1.371371e+00 5.037447e+00 5.000000e+00 4.960000e+00
1.381381e+00 5.012298e+00 4.000000e+00 4.930000e+00
1.391391e+00 4.987274e+00 4.000000e+00 4.880000e+00
1.401401e+00 4.962375e+00 4.000000e+00 4.860000e+00
1.411411e+00 4.937600e+00 4.000000e+00 4.850000e+00
1.421421e+00 4.912949e+00 4.000000e+00 4.840000e+00
1.431431e+00 4.888421e+00 4.000000e+00 4.820000e+00
1.441441e+00 4.864016e+00 4.000000e+00 4.770000e+00
1.451451e+00 4.839732e+00 4.000000e+00 4.720000e+00
1.461461e+00 4.815570e+00 4.000000e+00 4.710000e+00
1.471471e+00 4.791528e+00 4.000000e+00 4.680000e+00
1.481481e+00 4.767606e+00 4.000000e+00 4.660000e+00
1.491491e+00 4.743804e+00 4.000000e+00 4.600000e+00
1.501502e+00 4.720121e+00 4.000000e+00 4.560000e+00
1.511512e+00 4.696555e+00 4.000000e+00 4.550000e+00
1.521522e+00 4.673108e+00 4.000000e+00 4.540000e+00
1.531532e+00 4.649777e+00 4.000000e+00 4.490000e+00
1.541542e+00 4.626563e+00 4.000000e+00 4.450000e+00
1.551552e+00 4.603465e+00 4.000000e+00 4.440000e+00
1.561562e+00 4.580482e+00 4.000000e+00 4.420000e+00
1.571572e+00 4.557614e+00 4.000000e+00 4.380000e+00
1.581582e+00 4.534860e+00 4.000000e+00 4.340000e+00
1.591592e+00 4.512220e+00 4.000000e+00 4.340000e+00
1.601602e+00 4.489693e+00 4.000000e+00 4.310000e+00
1.611612e+00 4.467278e+00 4.000000e+00 4.280000e+00
1.621622e+00 4.444975e+00 4.000000e+00 4.270000e+00
1.631632e+00 4.422784e+00 4.000000e+00 4.240000e+00
1.641642e+00 4.400703e+00 4.000000e+00 4.230000e+00
1.651652e+00 4.378732e+00 4.000000e+00 4.210000e+00
1.661662e+00 4.356872e+00 4.000000e+00 4.200000e+00
1.671672e+00 4.335120e+00 4.000000e+00 4.180000e+00
1.681682e+00 4.313477e+00 4.000000e+00 4.170000e+00
1.691692e+00 4.291942e+00 3.000000e+00 4.160000e+00
1.701702e+00 4.270514e+00 3.000000e+00 4.160000e+00
1.711712e+00 4.249194e+00 3.000000e+00 4.150000e+00
1.721722e+00 4.227980e+00 3.000000e+00 4.140000e+00
1.731732e+00 4.206871e+00 3.000000e+00 4.120000e+00
1.741742e+00 4.185869e+00 3.000000e+00 4.090000e+00
1.751752e+00 4.164971e+00 3.000000e+00 4.070000e+00
1.761762e+00 4.144177e+00 3.000000e+00 4.060000e+00
1.771772e+00 4.123487e+00 3.000000e+00 4.040000e+00
1.781782e+00 4.102901e+00 3.000000e+00 4.010000e+00
1.791792e+00 4.082417e+00 3.000000e+00 4.000000e+00
1.801802e+00 4.062035e+00 3.000000e+00 3.950000e+00
1.811812e+00 4.041756e+00 3.000000e+00 3.940000e+00
1.821822e+00 4.021577e+00 3.000000e+00 3.920000e+00
1.831832e+00 4.001500e+00 3.000000e+00 3.920000e+00
1.841842e+00 3.981522e+00 3.000000e+00 3.890000e+00
1.851852e+00 3.961644e+00 3.000000e+00 3.870000e+00
1.861862e+00 3.941866e+00 3.000000e+00 3.860000e+00
1.871872e+00 3.922186e+00 3.000000e+00 3.840000e+00
1.881882e+00 3.902605e+00 3.000000e+00 3.810000e+00
1.891892e+00 3.883121e+00 3.000000e+00 3.790000e+00
1.901902e+00 3.863734e+00 3.000000e+00 3.750000e+00
1.911912e+00 3.844445e+00 3.000000e+00 3.740000e+00
1.921922e+00 3.825251e+00 3.000000e+00 3.730000e+00
1.931932e+00 3.806154e+00 3.000000e+00 3.710000e+00
1.941942e+00 3.787151e+00 3.000000e+00 3.680000e+00
1.951952e+00 3.768244e+00 3.000000e+00 3.680000e+00
1.961962e+00 3.749431e+00 3.000000e+00 3.650000e+00
1.971972e+00 3.730712e+00 3.000000e+00 3.600000e+00
1.981982e+00 3.712086e+00 3.000000e+00 3.600000e+00
1.991992e+00 3.693554e+00 3.000000e+00 3.580000e+00
2.002002e+00 3.675114e+00 3.000000e+00 3.550000e+00
2.012012e+00 3.656766e+00 3.000000e+00 3.550000e+00
2.022022e+00 3.638509e+00 3.000000e+00 3.510000e+00
2.032032e+00 3.620344e+00 3.000000e+00 3.480000e+00
2.042042e+00 3.602270e+00 3.000000e+00 3.480000e+00
2.052052e+00 3.584285e+00 3.000000e+00 3.460000e+00
2.062062e+00 3.566391e+00 3.000000e+00 3.460000e+00
2.072072e+00 3.548585e+00 3.000000e+00 3.440000e+00
2.082082e+00 3.530869e+00 3.000000e+00 3.430000e+00
2.092092e+00 3.513241e+00 3.000000e+00 3.400000e+00
2.102102e+00 3.495701e+00 3.000000e+00 3.350000e+00
2.112112e+00 3.478249e+00 3.000000e+00 3.350000e+00
2.122122e+00 3.460884e+00 3.000000e+00 3.350000e+00
2.132132e+00 3.443605e+00 3.000000e+00 3.320000e+00
2.142142e+00 3.426413e+00 3.000000e+00 3.300000e+00
2.152152e+00 3.409307e+00 3.000000e+00 3.290000e+00
2.162162e+00 3.392286e+00 3.000000e+00 3.260000e+00
2.172172e+00 3.375350e+00 3.000000e+00 3.260000e+00
2.182182e+00 3.358499e+00 3.000000e+00 3.260000e+00
2.192192e+00 3.341731e+00 2.000000e+00 3.260000e+00
2.202202e+00 3.325048e+00 2.000000e+00 3.260000e+00
2.212212e+00 3.308447e+00 2.000000e+00 3.250000e+00
2.222222e+00 3.291930e+00 2.000000e+00 3.240000e+00
2.232232e+00 3.275495e+00 2.000000e+00 3.210000e+00
2.242242e+00 3.259142e+00 2.000000e+00 3.180000e+00
2.252252e+00 3.242871e+00 2.000000e+00 3.140000e+00
2.262262e+00 3.226681e+00 2.000000e+00 3.130000e+00
2.272272e+00 3.210571e+00 2.000000e+00 3.110000e+00
2.282282e+00 3.194543e+00 2.000000e+00 3.100000e+00
2.292292e+00 3.178594e+00 2.000000e+00 3.070000e+00
2.302302e+00 3.162725e+00 2.000000e+00 3.060000e+00
2.312312e+00 3.146935e+00 2.000000e+00 3.060000e+00
2.322322e+00 3.131224e+00 2.000000e+00 3.040000e+00
2.332332e+00 3.115591e+00 2.000000e+00 3.030000e+00
2.342342e+00 3.100037e+00 2.000000e+00 3.030000e+00
2.352352e+00 3.084560e+00 2.000000e+00 3.030000e+00
2.362362e+00 3.069160e+00 2.000000e+00 3.010000e+00
2.372372e+00 3.053837e+00 2.000000e+00 3.000000e+00
2.382382e+00 3.038591e+00 2.000000e+00 3.000000e+00
2.392392e+00 3.023421e+00 2.000000e+00 2.970000e+00
2.402402e+00 3.008326e+00 2.000000e+00 2.970000e+00
2.412412e+00 2.993307e+00 2.000000e+00 2.970000e+00
2.422422e+00 2.978363e+00 2.000000e+00 2.960000e+00
2.432432e+00 2.963494e+00 2.000000e+00 2.960000e+00
2.442442e+00 2.948698e+00 2.000000e+00 2.960000e+00
2.452452e+00 2.933977e+00 2.000000e+00 2.940000e+00
2.462462e+00 2.919329e+00 2.000000e+00 2.930000e+00
2.472472e+00 2.904754e+00 2.000000e+00 2.930000e+00
2.482482e+00 2.890252e+00 2.000000e+00 2.930000e+00
2.492492e+00 2.875823e+00 2.000000e+00 2.900000e+00
2.502503e+00 2.861465e+00 2.000000e+00 2.890000e+00
2.512513e+00 2.847179e+00 2.000000e+00 2.890000e+00
2.522523e+00 2.832965e+00 2.000000e+00 2.870000e+00
2.532533e+00 2.818821e+00 2.000000e+00 2.850000e+00
2.542543e+00 2.804748e+00 2.000000e+00 2.850000e+00
2.552553e+00 2.790746e+00 2.000000e+00 2.820000e+00
2.562563e+00 2.776813e+00 2.000000e+00 2.810000e+00
2.572573e+00 2.762950e+00 2.000000e+00 2.800000e+00
2.582583e+00 2.749156e+00 2.000000e+00 2.790000e+00
2.592593e+00 2.735430e+00 2.000000e+00 2.770000e+00
2.602603e+00 2.721774e+00 2.000000e+00 2.770000e+00
2.612613e+00 2.708185e+00 2.000000e+00 2.770000e+00
2.622623e+00 2.694665e+00 2.000000e+00 2.750000e+00
2.632633e+00 2.681212e+00 2.000000e+00 2.740000e+00
2.642643e+00 2.667826e+00 2.000000e+00 2.730000e+00
2.652653e+00 2.654507e+00 2.000000e+00 2.720000e+00
2.662663e+00 2.641254e+00 2.000000e+00 2.720000e+00
2.672673e+00 2.628067e+00 2.000000e+00 2.720000e+00
2.682683e+00 2.614947e+00 2.000000e+00 2.710000e+00
2.692693e+00 2.601892e+00 2.000000e+00 2.710000e+00
2.702703e+00 2.588902e+00 2.000000e+00 2.700000e+00
2.712713e+00 2.575977e+00 2.000000e+00 2.680000e+00
2.722723e+00 2.563116e+00 2.000000e+00 2.670000e+00
2.732733e+00 2.550320e+00 2.000000e+00 2.660000e+00
2.742743e+00 2.537587e+00 2.000000e+00 2.630000e+00
2.752753e+00 2.524918e+00 2.000000e+00 2.580000e+00
2.762763e+00 2.512313e+00 2.000000e+00 2.560000e+00
2.772773e+00 2.499770e+00 2.000000e+00 2.530000e+00
2.782783e+00 2.487290e+00 2.000000e+00 2.530000e+00
2.792793e+00 2.474872e+00 2.000000e+00 2.520000e+00
2.802803e+00 2.462516e+00 2.000000e+00 2.510000e+00
2.812813e+00 2.450222e+00 2.000000e+00 2.510000e+00
2.822823e+00 2.437989e+00 2.000000e+00 2.500000e+00
2.832833e+00 2.425818e+00 2.000000e+00 2.480000e+00
2.842843e+00 2.413707e+00 2.000000e+00 2.460000e+00
2.852853e+00 2.401656e+00 2.000000e+00 2.440000e+00
2.862863e+00 2.389666e+00 2.000000e+00 2.410000e+00
2.872873e+00 2.377736e+00 2.000000e+00 2.390000e+00
2.882883e+00 2.365865e+00 2.000000e+00 2.370000e+00
2.892893e+00 2.354053e+00 2.000000e+00 2.360000e+00
2.902903e+00 2.342301e+00 2.000000e+00 2.350000e+00
2.912913e+00 2.330607e+00 2.000000e+00 2.320000e+00
2.922923e+00 2.318971e+00 2.000000e+00 2.310000e+00
2.932933e+00 2.307394e+00 2.000000e+00 2.300000e+00
2.942943e+00 2.295874e+00 2.000000e+00 2.270000e+00
2.952953e+00 2.284412e+00 2.000000e+00 2.260000e+00
2.962963e+00 2.273007e+00 2.000000e+00 2.250000e+00
2.972973e+00 2.261659e+00 2.000000e+00 2.240000e+00
2.982983e+00 2.250368e+00 2.000000e+00 2.200000e+00
2.992993e+00 2.239133e+00 2.000000e+00 2.190000e+00
3.003003e+00 2.227954e+00 2.000000e+00 2.180000e+00
3.013013e+00 2.216831e+00 2.000000e+00 2.180000e+00
3.023023e+00 2.205763e+00 2.000000e+00 2.130000e+00
3.033033e+00 2.194751e+00 2.000000e+00 2.100000e+00
3.043043e+00 2.183794e+00 2.000000e+00 2.100000e+00
3.053053e+00 2.172891e+00 2.000000e+00 2.060000e+00
3.063063e+00 2.162043e+00 2.000000e+00 2.060000e+00
3.073073e+00 2.151249e+00 2.000000e+00 2.050000e+00
3.083083e+00 2.140509e+00 2.000000e+00 2.030000e+00
3.093093e+00 2.129822e+00 2.000000e+00 2.020000e+00
3.103103e+00 2.119189e+00 2.000000e+00 2.000000e+00
3.113113e+00 2.108609e+00 2.000000e+00 1.980000e+00
3.123123e+00 2.098082e+00 2.000000e+00 1.960000e+00
3.133133e+00 2.087607e+00 2.000000e+00 1.940000e+00
3.143143e+00 2.077185e+00 2.000000e+00 1.920000e+00
3.153153e+00 2.066814e+00 2.000000e+00 1.920000e+00
3.163163e+00 2.056496e+00 2.000000e+00 1.920000e+00
3.173173e+00 2.046229e+00 2.000000e+00 1.920000e+00
3.183183e+00 2.036013e+00 2.000000e+00 1.910000e+00
3.193193e+00 2.025848e+00 2.000000e+00 1.900000e+00
3.203203e+00 2.015734e+00 2.000000e+00 1.870000e+00
3.213213e+00 2.005671e+00 2.000000e+00 1.870000e+00
3.223223e+00 1.995657e+00 2.000000e+00 1.840000e+00
3.233233e+00 1.985694e+00 2.000000e+00 1.820000e+00
3.243243e+00 1.975780e+00 2.000000e+00 1.820000e+00
3.253253e+00 1.965916e+00 2.000000e+00 1.810000e+00
3.263263e+00 1.956101e+00 2.000000e+00 1.790000e+00
3.273273e+00 1.946336e+00 2.000000e+00 1.790000e+00
3.283283e+00 1.936619e+00 2.000000e+00 1.790000e+00
3.293293e+00 1.926950e+00 2.000000e+00 1.780000e+00
3.303303e+00 1.917330e+00 2.000000e+00 1.780000e+00
3.313313e+00 1.907757e+00 2.000000e+00 1.770000e+00
3.323323e+00 1.898233e+00 2.000000e+00 1.750000e+00
3.333333e+00 1.888756e+00 2.000000e+00 1.730000e+00
3.343343e+00 1.879326e+00 2.000000e+00 1.710000e+00
3.353353e+00 1.869944e+00 2.000000e+00 1.710000e+00
3.363363e+00 1.860608e+00 2.000000e+00 1.690000e+00
3.373373e+00 1.851319e+00 2.000000e+00 1.690000e+00
3.383383e+00 1.842076e+00 2.000000e+00 1.680000e+00
3.393393e+00 1.832880e+00 2.000000e+00 1.680000e+00
3.403403e+00 1.823729e+00 2.000000e+00 1.650000e+00
3.413413e+00 1.814624e+00 2.000000e+00 1.650000e+00
3.423423e+00 1.805565e+00 2.000000e+00 1.650000e+00
3.433433e+00 1.796550e+00 2.000000e+00 1.650000e+00
3.443443e+00 1.787581e+00 2.000000e+00 1.640000e+00
3.453453e+00 1.778657e+00 2.000000e+00 1.620000e+00
3.463463e+00 1.769777e+00 2.000000e+00 1.610000e+00
3.473473e+00 1.760941e+00 2.000000e+00 1.610000e+00
3.483483e+00 1.752150e+00 2.000000e+00 1.610000e+00
3.493493e+00 1.743402e+00 2.000000e+00 1.600000e+00
3.503504e+00 1.734698e+00 2.000000e+00 1.600000e+00
3.513514e+00 1.726038e+00 2.000000e+00 1.600000e+00
3.523524e+00 1.717420e+00 2.000000e+00 1.580000e+00
3.533534e+00 1.708846e+00 2.000000e+00 1.580000e+00
3.543544e+00 1.700315e+00 2.000000e+00 1.550000e+00
3.553554e+00 1.691826e+00 2.000000e+00 1.540000e+00
3.563564e+00 1.683379e+00 2.000000e+00 1.530000e+00
3.573574e+00 1.674975e+00 2.000000e+00 1.530000e+00
3.583584e+00 1.666613e+00 2.000000e+00 1.520000e+00
3.593594e+00 1.658292e+00 2.000000e+00 1.520000e+00
3.603604e+00 1.650013e+00 2.000000e+00 1.520000e+00
3.613614e+00 1.641776e+00 2.000000e+00 1.510000e+00
3.623624e+00 1.633579e+00 2.000000e+00 1.500000e+00
3.633634e+00 1.625423e+00 2.000000e+00 1.500000e+00
3.643644e+00 1.617308e+00 2.000000e+00 1.490000e+00
3.653654e+00 1.609234e+00 2.000000e+00 1.480000e+00
3.663664e+00 1.601200e+00 2.000000e+00 1.480000e+00
3.673674e+00 1.593206e+00 2.000000e+00 1.480000e+00
3.683684e+00 1.585252e+00 2.000000e+00 1.480000e+00
3.693694e+00 1.577337e+00 2.000000e+00 1.480000e+00
3.703704e+00 1.569463e+00 2.000000e+00 1.460000e+00
3.713714e+00 1.561627e+00 2.000000e+00 1.450000e+00
3.723724e+00 1.553831e+00 2.000000e+00 1.450000e+00
3.733734e+00 1.546073e+00 2.000000e+00 1.450000e+00
3.743744e+00 1.538354e+00 2.000000e+00 1.440000e+00
3.753754e+00 1.530674e+00 2.000000e+00 1.440000e+00
3.763764e+00 1.523032e+00 2.000000e+00 1.430000e+00
3.773774e+00 1.515428e+00 2.000000e+00 1.400000e+00
3.783784e+00 1.507863e+00 2.000000e+00 1.400000e+00
3.793794e+00 1.500335e+00 2.000000e+00 1.400000e+00
3.803804e+00 1.492844e+00 2.000000e+00 1.390000e+00
3.813814e+00 1.485391e+00 2.000000e+00 1.380000e+00
3.823824e+00 1.477975e+00 2.000000e+00 1.370000e+00
3.833834e+00 1.470597e+00 2.000000e+00 1.370000e+00
3.843844e+00 1.463255e+00 2.000000e+00 1.370000e+00
3.853854e+00 1.455949e+00 2.000000e+00 1.340000e+00
3.863864e+00 1.448681e+00 2.000000e+00 1.330000e+00
3.873874e+00 1.441448e+00 2.000000e+00 1.330000e+00
3.883884e+00 1.434252e+00 2.000000e+00 1.310000e+00
3.893894e+00 1.427091e+00 2.000000e+00 1.300000e+00
3.903904e+00 1.419966e+00 2.000000e+00 1.300000e+00
3.913914e+00 1.412877e+00 2.000000e+00 1.280000e+00
3.923924e+00 1.405823e+00 2.000000e+00 1.250000e+00
3.933934e+00 1.398805e+00 2.000000e+00 1.240000e+00
3.943944e+00 1.391821e+00 2.000000e+00 1.230000e+00
3.953954e+00 1.384873e+00 2.000000e+00 1.230000e+00
3.963964e+00 1.377959e+00 2.000000e+00 1.220000e+00
3.973974e+00 1.371079e+00 2.000000e+00 1.200000e+00
3.983984e+00 1.364234e+00 2.000000e+00 1.190000e+00
3.993994e+00 1.357423e+00 2.000000e+00 1.190000e+00
4.004004e+00 1.350646e+00 2.000000e+00 1.190000e+00
4.014014e+00 1.343903e+00 2.000000e+00 1.190000e+00
4.024024e+00 1.337194e+00 2.000000e+00 1.180000e+00
4.034034e+00 1.330518e+00 2.000000e+00 1.150000e+00
4.044044e+00 1.323875e+00 2.000000e+00 1.150000e+00
4.054054e+00 1.317266e+00 2.000000e+00 1.150000e+00
4.064064e+00 1.310689e+00 2.000000e+00 1.150000e+00
4.074074e+00 1.304146e+00 2.000000e+00 1.140000e+00
4.084084e+00 1.297635e+00 2.000000e+00 1.130000e+00
4.094094e+00 1.291156e+00 2.000000e+00 1.130000e+00
4.104104e+00 1.284710e+00 2.000000e+00 1.130000e+00
4.114114e+00 1.278296e+00 2.000000e+00 1.130000e+00
4.124124e+00 1.271914e+00 1.000000e+00 1.130000e+00
4.134134e+00 1.265564e+00 1.000000e+00 1.130000e+00
4.144144e+00 1.259246e+00 1.000000e+00 1.130000e+00
4.154154e+00 1.252959e+00 1.000000e+00 1.130000e+00
4.164164e+00 1.246704e+00 1.000000e+00 1.110000e+00
4.174174e+00 1.240480e+00 1.000000e+00 1.110000e+00
4.184184e+00 1.234286e+00 1.000000e+00 1.110000e+00
4.194194e+00 1.228124e+00 1.000000e+00 1.110000e+00
4.204204e+00 1.221993e+00 1.000000e+00 1.100000e+00
4.214214e+00 1.215892e+00 1.000000e+00 1.090000e+00
4.224224e+00 1.209822e+00 1.000000e+00 1.080000e+00
4.234234e+00 1.203782e+00 1.000000e+00 1.080000e+00
4.244244e+00 1.197772e+00 1.000000e+00 1.070000e+00
4.254254e+00 1.191792e+00 1.000000e+00 1.070000e+00
4.264264e+00 1.185842e+00 1.000000e+00 1.070000e+00
4.274274e+00 1.179922e+00 1.000000e+00 1.070000e+00
4.284284e+00 1.174031e+00 1.000000e+00 1.060000e+00
4.294294e+00 1.168169e+00 1.000000e+00 1.060000e+00
4.304304e+00 1.162337e+00 1.000000e+00 1.050000e+00
4.314314e+00 1.156534e+00 1.000000e+00 1.050000e+00
4.324324e+00 1.150760e+00 1.000000e+00 1.040000e+00
4.334334e+00 1.145015e+00 1.000000e+00 1.030000e+00
4.344344e+00 1.139299e+00 1.000000e+00 1.030000e+00
4.354354e+00 1.133611e+00 1.000000e+00 1.020000e+00
4.364364e+00 1.127951e+00 1.000000e+00 1.010000e+00
4.374374e+00 1.122320e+00 1.000000e+00 1.010000e+00
4.384384e+00 1.116717e+00 1.000000e+00 1.010000e+00
4.394394e+00 1.111142e+00 1.000000e+00 1.010000e+00
4.404404e+00 1.105594e+00 1.000000e+00 1.010000e+00
4.414414e+00 1.100074e+00 1.000000e+00 1.010000e+00
4.424424e+00 1.094582e+00 1.000000e+00 9.800000e-01
4.434434e+00 1.089118e+00 1.000000e+00 9.800000e-01
4.444444e+00 1.083680e+00 1.000000e+00 9.700000e-01
4.454454e+00 1.078270e+00 1.000000e+00 9.600000e-01
4.464464e+00 1.072887e+00 1.000000e+00 9.500000e-01
4.474474e+00 1.067530e+00 1.000000e+00 9.500000e-01
4.484484e+00 1.062201e+00 1.000000e+00 9.500000e-01
4.494494e+00 1.056898e+00 1.000000e+00 9.500000e-01
4.504505e+00 1.051621e+00 1.000000e+00 9.400000e-01
4.514515e+00 1.046371e+00 1.000000e+00 9.400000e-01
4.524525e+00 1.041147e+00 1.000000e+00 9.400000e-01
4.534535e+00 1.035949e+00 1.000000e+00 9.400000e-01
4.544545e+00 1.030777e+00 1.000000e+00 9.200000e-01
4.554555e+00 1.025631e+00 1.000000e+00 9.100000e-01
4.564565e+00 1.020510e+00 1.000000e+00 9.100000e-01
4.574575e+00 1.015415e+00 1.000000e+00 9.100000e-01
4.584585e+00 1.010346e+00 1.000000e+00 9.100000e-01
4.594595e+00 1.005302e+00 1.000000e+00 9.100000e-01
4.604605e+00 1.000283e+00 1.000000e+00 9.000000e-01
4.614615e+00 9.952889e-01 1.000000e+00 9.000000e-01
4.624625e+00 9.903199e-01 1.000000e+00 8.900000e-01
4.634635e+00 9.853758e-01 1.000000e+00 8.900000e-01
4.644645e+00 9.804563e-01 1.000000e+00 8.800000e-01
4.654655e+00 9.755613e-01 1.000000e+00 8.800000e-01
4.664665e+00 9.706909e-01 1.000000e+00 8.800000e-01
4.674675e+00 9.658447e-01 1.000000e+00 8.700000e-01
4.684685e+00 9.610227e-01 1.000000e+00 8.600000e-01
4.694695e+00 9.562248e-01 1.000000e+00 8.600000e-01
4.704705e+00 9.514508e-01 1.000000e+00 8.500000e-01
4.714715e+00 9.467007e-01 1.000000e+00 8.500000e-01
4.724725e+00 9.419743e-01 1.000000e+00 8.400000e-01
4.734735e+00 9.372715e-01 1.000000e+00 8.200000e-01
4.744745e+00 9.325922e-01 1.000000e+00 8.000000e-01
4.754755e+00 9.279362e-01 1.000000e+00 7.900000e-01
4.764765e+00 9.233035e-01 1.000000e+00 7.900000e-01
4.774775e+00 9.186939e-01 1.000000e+00 7.900000e-01
4.784785e+00 9.141073e-01 1.000000e+00 7.900000e-01
4.794795e+00 9.095436e-01 1.000000e+00 7.900000e-01
4.804805e+00 9.050027e-01 1.000000e+00 7.900000e-01
4.814815e+00 9.004845e-01 1.000000e+00 7.900000e-01
4.824825e+00 8.959888e-01 1.000000e+00 7.900000e-01
4.834835e+00 8.915156e-01 1.000000e+00 7.900000e-01
4.844845e+00 8.870647e-01 1.000000e+00 7.800000e-01
4.854855e+00 8.826361e-01 1.000000e+00 7.600000e-01
4.864865e+00 8.782295e-01 1.000000e+00 7.600000e-01
4.874875e+00 8.738449e-01 1.000000e+00 7.600000e-01
4.884885e+00 8.694823e-01 1.000000e+00 7.600000e-01
4.894895e+00 8.651414e-01 1.000000e+00 7.600000e-01
4.904905e+00 8.608221e-01 1.000000e+00 7.600000e-01
4.914915e+00 8.565245e-01 1.000000e+00 7.600000e-01
4.924925e+00 8.522483e-01 1.000000e+00 7.600000e-01
4.934935e+00 8.479934e-01 0.000000e+00 7.600000e-01
4.944945e+00 8.437598e-01 0.000000e+00 7.500000e-01
4.954955e+00 8.395474e-01 0.000000e+00 7.500000e-01
4.964965e+00 8.353559e-01 0.000000e+00 7.300000e-01
4.974975e+00 8.311854e-01 0.000000e+00 7.200000e-01
4.984985e+00 8.270357e-01 0.000000e+00 7.200000e-01
4.994995e+00 8.229067e-01 0.000000e+00 7.100000e-01
5.005005e+00 8.187984e-01 0.000000e+00 7.000000e-01
5.015015e+00 8.147105e-01 0.000000e+00 7.000000e-01
5.025025e+00 8.106431e-01 0.000000e+00 7.000000e-01
5.035035e+00 8.065959e-01 0.000000e+00 7.000000e-01
5.045045e+00 8.025690e-01 0.000000e+00 7.000000e-01
5.055055e+00 7.985622e-01 0.000000e+00 7.000000e-01
5.065065e+00 7.945754e-01 0.000000e+00 6.900000e-01
5.075075e+00 7.906084e-01 0.000000e+00 6.900000e-01
5.085085e+00 7.866613e-01 0.000000e+00 6.800000e-01
5.095095e+00 7.827339e-01 0.000000e+00 6.800000e-01
5.105105e+00 7.788261e-01 0.000000e+00 6.800000e-01
5.115115e+00 7.749378e-01 0.000000e+00 6.800000e-01
5.125125e+00 7.710690e-01 0.000000e+00 6.800000e-01
5.135135e+00 7.672194e-01 0.000000e+00 6.800000e-01
5.145145e+00 7.633891e-01 0.000000e+00 6.800000e-01
5.155155e+00 7.595778e-01 0.000000e+00 6.700000e-01
5.165165e+00 7.557856e-01 0.000000e+00 6.600000e-01
5.175175e+00 7.520124e-01 0.000000e+00 6.400000e-01
5.185185e+00 7.482580e-01 0.000000e+00 6.400000e-01
5.195195e+00 7.445223e-01 0.000000e+00 6.400000e-01
5.205205e+00 7.408052e-01 0.000000e+00 6.400000e-01
5.215215e+00 7.371068e-01 0.000000e+00 6.300000e-01
5.225225e+00 7.334268e-01 0.000000e+00 6.200000e-01
5.235235e+00 7.297651e-01 0.000000e+00 6.200000e-01
5.245245e+00 7.261218e-01 0.000000e+00 6.100000e-01
5.255255e+00 7.224966e-01 0.000000e+00 6.100000e-01
5.265265e+00 7.188896e-01 0.000000e+00 6.100000e-01
5.275275e+00 7.153005e-01 0.000000e+00 6.000000e-01
5.285285e+00 7.117294e-01 0.000000e+00 5.900000e-01
5.295295e+00 7.081761e-01 0.000000e+00 5.900000e-01
5.305305e+00 7.046405e-01 0.000000e+00 5.900000e-01
5.315315e+00 7.011226e-01 0.000000e+00 5.900000e-01
5.325325e+00 6.976222e-01 0.000000e+00 5.800000e-01
5.335335e+00 6.941393e-01 0.000000e+00 5.800000e-01
5.345345e+00 6.906738e-01 0.000000e+00 5.700000e-01
5.355355e+00 6.872256e-01 0.000000e+00 5.700000e-01
5.365365e+00 6.837947e-01 0.000000e+00 5.700000e-01
5.375375e+00 6.803808e-01 0.000000e+00 5.700000e-01
5.385385e+00 6.769840e-01 0.000000e+00 5.700000e-01
5.395395e+00 6.736042e-01 0.000000e+00 5.700000e-01
5.405405e+00 6.702412e-01 0.000000e+00 5.700000e-01
5.415415e+00 6.668950e-01 0.000000e+00 5.700000e-01
5.425425e+00 6.635656e-01 0.000000e+00 5.700000e-01
5.435435e+00 6.602527e-01 0.000000e+00 5.600000e-01
5.445445e+00 6.569564e-01 0.000000e+00 5.600000e-01
5.455455e+00 6.536765e-01 0.000000e+00 5.600000e-01
5.465465e+00 6.504131e-01 0.000000e+00 5.600000e-01
5.475475e+00 6.471659e-01 0.000000e+00 5.500000e-01
5.485485e+00 6.439349e-01 0.000000e+00 5.500000e-01
5.495495e+00 6.407201e-01 0.000000e+00 5.500000e-01
5.505506e+00 6.375213e-01 0.000000e+00 5.500000e-01
5.515516e+00 6.343384e-01 0.000000e+00 5.500000e-01
5.525526e+00 6.311715e-01 0.000000e+00 5.500000e-01
5.535536e+00 6.280204e-01 0.000000e+00 5.400000e-01
5.545546e+00 6.248850e-01 0.000000e+00 5.400000e-01
5.555556e+00 6.217652e-01 0.000000e+00 5.400000e-01
5.565566e+00 6.186611e-01 0.000000e+00 5.200000e-01
5.575576e+00 6.155724e-01 0.000000e+00 5.100000e-01
5.585586e+00 6.124992e-01 0.000000e+00 5.000000e-01
5.595596e+00 6.094413e-01 0.000000e+00 5.000000e-01
5.605606e+00 6.063986e-01 0.000000e+00 4.900000e-01
5.615616e+00 6.033712e-01 0.000000e+00 4.900000e-01
5.625626e+00 6.003588e-01 0.000000e+00 4.900000e-01
5.635636e+00 5.973616e-01 0.000000e+00 4.800000e-01
5.645646e+00 5.943792e-01 0.000000e+00 4.800000e-01
5.655656e+00 5.914118e-01 0.000000e+00 4.800000e-01
5.665666e+00 5.884592e-01 0.000000e+00 4.800000e-01
5.675676e+00 5.855213e-01 0.000000e+00 4.800000e-01
5.685686e+00 5.825981e-01 0.000000e+00 4.600000e-01
5.695696e+00 5.796894e-01 0.000000e+00 4.600000e-01
5.705706e+00 5.767953e-01 0.000000e+00 4.600000e-01
5.715716e+00 5.739157e-01 0.000000e+00 4.600000e-01
5.725726e+00 5.710504e-01 0.000000e+00 4.500000e-01
5.735736e+00 5.681995e-01 0.000000e+00 4.500000e-01
5.745746e+00 5.653627e-01 0.000000e+00 4.500000e-01
5.755756e+00 5.625401e-01 0.000000e+00 4.500000e-01
5.765766e+00 5.597317e-01 0.000000e+00 4.300000e-01
5.775776e+00 5.569372e-01 0.000000e+00 4.300000e-01
5.785786e+00 5.541567e-01 0.000000e+00 4.300000e-01
5.795796e+00 5.513901e-01 0.000000e+00 4.200000e-01
5.805806e+00 5.486372e-01 0.000000e+00 4.200000e-01
5.815816e+00 5.458982e-01 0.000000e+00 4.200000e-01
5.825826e+00 5.431728e-01 0.000000e+00 4.200000e-01
5.835836e+00 5.404610e-01 0.000000e+00 4.200000e-01
5.845846e+00 5.377627e-01 0.000000e+00 4.200000e-01
5.855856e+00 5.350780e-01 0.000000e+00 4.100000e-01
5.865866e+00 5.324066e-01 0.000000e+00 4.000000e-01
5.875876e+00 5.297485e-01 0.000000e+00 4.000000e-01
5.885886e+00 5.271038e-01 0.000000e+00 3.900000e-01
5.895896e+00 5.244722e-01 0.000000e+00 3.900000e-01
5.905906e+00 5.218538e-01 0.000000e+00 3.800000e-01
5.915916e+00 5.192484e-01 0.000000e+00 3.800000e-01
5.925926e+00 5.166561e-01 0.000000e+00 3.700000e-01
5.935936e+00 5.140767e-01 0.000000e+00 3.700000e-01
5.945946e+00 5.115101e-01 0.000000e+00 3.700000e-01
5.955956e+00 5.089564e-01 0.000000e+00 3.700000e-01
5.965966e+00 5.064155e-01 0.000000e+00 3.700000e-01
5.975976e+00 5.038872e-01 0.000000e+00 3.700000e-01
5.985986e+00 5.013715e-01 0.000000e+00 3.700000e-01
5.995996e+00 4.988684e-01 0.000000e+00 3.700000e-01
6.006006e+00 4.963778e-01 0.000000e+00 3.700000e-01
6.016016e+00 4.938997e-01 0.000000e+00 3.700000e-01
6.026026e+00 4.914339e-01 0.000000e+00 3.700000e-01
6.036036e+00 4.889804e-01 0.000000e+00 3.700000e-01
6.046046e+00 4.865391e-01 0.000000e+00 3.700000e-01
6.056056e+00 4.841101e-01 0.000000e+00 3.600000e-01
6.066066e+00 4.816932e-01 0.000000e+00 3.600000e-01
6.076076e+00 4.792883e-01 0.000000e+00 3.600000e-01
6.086086e+00 4.768955e-01 0.000000e+00 3.600000e-01
6.096096e+00 4.745146e-01 0.000000e+00 3.600000e-01
6.106106e+00 4.721456e-01 0.000000e+00 3.600000e-01
6.116116e+00 4.697884e-01 0.000000e+00 3.600000e-01
6.126126e+00 4.674429e-01 0.000000e+00 3.500000e-01
6.136136e+00 4.651092e-01 0.000000e+00 3.500000e-01
6.146146e+00 4.627872e-01 0.000000e+00 3.500000e-01
6.156156e+00 4.604767e-01 0.000000e+00 3.500000e-01
6.166166e+00 4.581778e-01 0.000000e+00 3.500000e-01
6.176176e+00 4.558903e-01 0.000000e+00 3.500000e-01
6.186186e+00 4.536143e-01 0.000000e+00 3.500000e-01
6.196196e+00 4.513496e-01 0.000000e+00 3.500000e-01
6.206206e+00 4.490963e-01 0.000000e+00 3.500000e-01
6.216216e+00 4.468542e-01 0.000000e+00 3.500000e-01
6.226226e+00 4.446232e-01 0.000000e+00 3.500000e-01
6.236236e+00 4.424035e-01 0.000000e+00 3.500000e-01
6.246246e+00 4.401948e-01 0.000000e+00 3.400000e-01
6.256256e+00 4.379971e-01 0.000000e+00 3.400000e-01
6.266266e+00 4.358104e-01 0.000000e+00 3.400000e-01
6.276276e+00 4.336346e-01 0.000000e+00 3.400000e-01
6.286286e+00 4.314697e-01 0.000000e+00 3.300000e-01
6.296296e+00 4.293156e-01 0.000000e+00 3.300000e-01
6.306306e+00 4.271722e-01 0.000000e+00 3.300000e-01
6.316316e+00 4.250395e-01 0.000000e+00 3.300000e-01
6.326326e+00 4.229175e-01 0.000000e+00 3.200000e-01
6.336336e+00 4.208061e-01 0.000000e+00 3.200000e-01
6.346346e+00 4.187052e-01 0.000000e+00 3.200000e-01
6.356356e+00 4.166149e-01 0.000000e+00 3.200000e-01
6.366366e+00 4.145349e-01 0.000000e+00 3.200000e-01
6.376376e+00 4.124653e-01 0.000000e+00 3.200000e-01
6.386386e+00 4.104061e-01 0.000000e+00 3.000000e-01
6.396396e+00 4.083572e-01 0.000000e+00 3.000000e-01
6.406406e+00 4.063184e-01 0.000000e+00 3.000000e-01
6.416416e+00 4.042899e-01 0.000000e+00 2.900000e-01
6.426426e+00 4.022715e-01 0.000000e+00 2.900000e-01
6.436436e+00 4.002631e-01 0.000000e+00 2.900000e-01
6.446446e+00 3.982648e-01 0.000000e+00 2.800000e-01
6.456456e+00 3.962765e-01 0.000000e+00 2.800000e-01
6.466466e+00 3.942981e-01 0.000000e+00 2.800000e-01
6.476476e+00 3.923295e-01 0.000000e+00 2.800000e-01
6.486486e+00 3.903708e-01 0.000000e+00 2.800000e-01
6.496496e+00 3.884219e-01 0.000000e+00 2.800000e-01
6.506507e+00 3.864827e-01 0.000000e+00 2.800000e-01
6.516517e+00 3.845532e-01 0.000000e+00 2.800000e-01
6.526527e+00 3.826333e-01 0.000000e+00 2.800000e-01
6.536537e+00 3.807230e-01 0.000000e+00 2.800000e-01
6.546547e+00 3.788223e-01 0.000000e+00 2.800000e-01
6.556557e+00 3.769310e-01 0.000000e+00 2.800000e-01
6.566567e+00 3.750492e-01 0.000000e+00 2.800000e-01
6.576577e+00 3.731767e-01 0.000000e+00 2.800000e-01
6.586587e+00 3.713136e-01 0.000000e+00 2.800000e-01
6.596597e+00 3.694598e-01 0.000000e+00 2.800000e-01
6.606607e+00 3.676153e-01 0.000000e+00 2.800000e-01
6.616617e+00 3.657800e-01 0.000000e+00 2.800000e-01
6.626627e+00 3.639538e-01 0.000000e+00 2.800000e-01
6.636637e+00 3.621368e-01 0.000000e+00 2.800000e-01
6.646647e+00 3.603288e-01 0.000000e+00 2.800000e-01
6.656657e+00 3.585299e-01 0.000000e+00 2.800000e-01
6.666667e+00 3.567399e-01 0.000000e+00 2.700000e-01
6.676677e+00 3.549589e-01 0.000000e+00 2.600000e-01
6.686687e+00 3.531868e-01 0.000000e+00 2.500000e-01
6.696697e+00 3.514235e-01 0.000000e+00 2.500000e-01
6.706707e+00 3.496690e-01 0.000000e+00 2.500000e-01
6.716717e+00 3.479233e-01 0.000000e+00 2.500000e-01
6.726727e+00 3.461863e-01 0.000000e+00 2.500000e-01
6.736737e+00 3.444579e-01 0.000000e+00 2.500000e-01
6.746747e+00 3.427382e-01 0.000000e+00 2.500000e-01
6.756757e+00 3.410271e-01 0.000000e+00 2.500000e-01
6.766767e+00 3.393245e-01 0.000000e+00 2.500000e-01
6.776777e+00 3.376305e-01 0.000000e+00 2.500000e-01
6.786787e+00 3.359448e-01 0.000000e+00 2.500000e-01
6.796797e+00 3.342676e-01 0.000000e+00 2.500000e-01
6.806807e+00 3.325988e-01 0.000000e+00 2.500000e-01
6.816817e+00 3.309383e-01 0.000000e+00 2.500000e-01
6.826827e+00 3.292861e-01 0.000000e+00 2.500000e-01
6.836837e+00 3.276421e-01 0.000000e+00 2.500000e-01
6.846847e+00 3.260064e-01 0.000000e+00 2.500000e-01
6.856857e+00 3.243788e-01 0.000000e+00 2.500000e-01
6.866867e+00 3.227593e-01 0.000000e+00 2.500000e-01
6.876877e+00 3.211480e-01 0.000000e+00 2.400000e-01
6.886887e+00 3.195446e-01 0.000000e+00 2.400000e-01
6.896897e+00 3.179493e-01 0.000000e+00 2.400000e-01
6.906907e+00 3.163619e-01 0.000000e+00 2.400000e-01
6.916917e+00 3.147825e-01 0.000000e+00 2.400000e-01
6.926927e+00 3.132109e-01 0.000000e+00 2.400000e-01
6.936937e+00 3.116472e-01 0.000000e+00 2.400000e-01
6.946947e+00 3.100913e-01 0.000000e+00 2.400000e-01
6.956957e+00 3.085432e-01 0.000000e+00 2.400000e-01
6.966967e+00 3.070028e-01 0.000000e+00 2.400000e-01
6.976977e+00 3.054701e-01 0.000000e+00 2.400000e-01
6.986987e+00 3.039450e-01 0.000000e+00 2.400000e-01
6.996997e+00 3.024276e-01 0.000000e+00 2.400000e-01
7.007007e+00 3.009177e-01 0.000000e+00 2.400000e-01
7.017017e+00 2.994154e-01 0.000000e+00 2.300000e-01
7.027027e+00 2.979206e-01 0.000000e+00 2.300000e-01
7.037037e+00 2.964332e-01 0.000000e+00 2.300000e-01
7.047047e+00 2.949532e-01 0.000000e+00 2.300000e-01
7.057057e+00 2.934807e-01 0.000000e+00 2.300000e-01
7.067067e+00 2.920155e-01 0.000000e+00 2.300000e-01
7.077077e+00 2.905576e-01 0.000000e+00 2.300000e-01
7.087087e+00 2.891070e-01 0.000000e+00 2.300000e-01
7.097097e+00 2.876636e-01 0.000000e+00 2.300000e-01
7.107107e+00 2.862275e-01 0.000000e+00 2.300000e-01
7.117117e+00 2.847985e-01 0.000000e+00 2.300000e-01
7.127127e+00 2.833766e-01 0.000000e+00 2.300000e-01
7.137137e+00 2.819619e-01 0.000000e+00 2.300000e-01
7.147147e+00 2.805542e-01 0.000000e+00 2.300000e-01
7.157157e+00 2.791535e-01 0.000000e+00 2.300000e-01
7.167167e+00 2.777598e-01 0.000000e+00 2.200000e-01
7.177177e+00 2.763731e-01 0.000000e+00 2.200000e-01
7.187187e+00 2.749933e-01 0.000000e+00 2.200000e-01
7.197197e+00 2.736204e-01 0.000000e+00 2.200000e-01
7.207207e+00 2.722544e-01 0.000000e+00 2.200000e-01
7.217217e+00 2.708951e-01 0.000000e+00 2.200000e-01
7.227227e+00 2.695427e-01 0.000000e+00 2.200000e-01
7.237237e+00 2.681970e-01 0.000000e+00 2.200000e-01
7.247247e+00 2.668580e-01 0.000000e+00 2.200000e-01
7.257257e+00 2.655257e-01 0.000000e+00 2.200000e-01
7.267267e+00 2.642001e-01 0.000000e+00 2.200000e-01
7.277277e+00 2.628811e-01 0.000000e+00 2.200000e-01
7.287287e+00 2.615686e-01 0.000000e+00 2.200000e-01
7.297297e+00 2.602628e-01 0.000000e+00 2.200000e-01
7.307307e+00 2.589634e-01 0.000000e+00 2.200000e-01
7.317317e+00 2.576705e-01 0.000000e+00 2.200000e-01
7.327327e+00 2.563841e-01 0.000000e+00 2.200000e-01
7.337337e+00 2.551041e-01 0.000000e+00 2.200000e-01
7.347347e+00 2.538305e-01 0.000000e+00 2.200000e-01
7.357357e+00 2.525632e-01 0.000000e+00 2.200000e-01
7.367367e+00 2.513023e-01 0.000000e+00 2.200000e-01
7.377377e+00 2.500477e-01 0.000000e+00 2.200000e-01
7.387387e+00 2.487993e-01 0.000000e+00 2.200000e-01
7.397397e+00 2.475572e-01 0.000000e+00 2.200000e-01
7.407407e+00 2.463213e-01 0.000000e+00 2.200000e-01
7.417417e+00 2.450915e-01 0.000000e+00 2.200000e-01
7.427427e+00 2.438679e-01 0.000000e+00 2.200000e-01
7.437437e+00 2.426504e-01 0.000000e+00 2.200000e-01
7.447447e+00 2.414390e-01 0.000000e+00 2.200000e-01
7.457457e+00 2.402336e-01 0.000000e+00 2.200000e-01
7.467467e+00 2.390342e-01 0.000000e+00 2.200000e-01
7.477477e+00 2.378408e-01 0.000000e+00 2.200000e-01
7.487487e+00 2.366534e-01 0.000000e+00 2.200000e-01
7.497497e+00 2.354719e-01 0.000000e+00 2.200000e-01
7.507508e+00 2.342963e-01 0.000000e+00 2.100000e-01
7.517518e+00 2.331266e-01 0.000000e+00 2.100000e-01
7.527528e+00 2.319627e-01 0.000000e+00 2.000000e-01
7.537538e+00 2.308046e-01 0.000000e+00 1.900000e-01
7.547548e+00 2.296523e-01 0.000000e+00 1.900000e-01
7.557558e+00 2.285058e-01 0.000000e+00 1.800000e-01
7.567568e+00 2.273650e-01 0.000000e+00 1.800000e-01
7.577578e+00 2.262299e-01 0.000000e+00 1.800000e-01
7.587588e+00 2.251004e-01 0.000000e+00 1.800000e-01
7.597598e+00 2.239766e-01 0.000000e+00 1.800000e-01
7.607608e+00 2.228584e-01 0.000000e+00 1.800000e-01
7.617618e+00 2.217458e-01 0.000000e+00 1.800000e-01
7.627628e+00 2.206387e-01 0.000000e+00 1.800000e-01
7.637638e+00 2.195372e-01 0.000000e+00 1.800000e-01
7.647648e+00 2.184411e-01 0.000000e+00 1.800000e-01
7.657658e+00 2.173506e-01 0.000000e+00 1.700000e-01
7.667668e+00 2.162654e-01 0.000000e+00 1.700000e-01
7.677678e+00 2.151857e-01 0.000000e+00 1.700000e-01
7.687688e+00 2.141114e-01 0.000000e+00 1.700000e-01
7.697698e+00 2.130425e-01 0.000000e+00 1.700000e-01
7.707708e+00 2.119789e-01 0.000000e+00 1.700000e-01
7.717718e+00 2.109205e-01 0.000000e+00 1.700000e-01
7.727728e+00 2.098675e-01 0.000000e+00 1.700000e-01
7.737738e+00 2.088198e-01 0.000000e+00 1.700000e-01
7.747748e+00 2.077772e-01 0.000000e+00 1.700000e-01
7.757758e+00 2.067399e-01 0.000000e+00 1.700000e-01
7.767768e+00 2.057078e-01 0.000000e+00 1.700000e-01
7.777778e+00 2.046808e-01 0.000000e+00 1.600000e-01
7.787788e+00 2.036589e-01 0.000000e+00 1.600000e-01
7.797798e+00 2.026421e-01 0.000000e+00 1.600000e-01
7.807808e+00 2.016304e-01 0.000000e+00 1.600000e-01
7.817818e+00 2.006238e-01 0.000000e+00 1.600000e-01
7.827828e+00 1.996222e-01 0.000000e+00 1.600000e-01
7.837838e+00 1.986256e-01 0.000000e+00 1.600000e-01
7.847848e+00 1.976339e-01 0.000000e+00 1.500000e-01
7.857858e+00 1.966472e-01 0.000000e+00 1.500000e-01
7.867868e+00 1.956655e-01 0.000000e+00 1.500000e-01
7.877878e+00 1.946886e-01 0.000000e+00 1.500000e-01
7.887888e+00 1.937166e-01 0.000000e+00 1.500000e-01
7.897898e+00 1.927495e-01 0.000000e+00 1.500000e-01
7.907908e+00 1.917872e-01 0.000000e+00 1.500000e-01
7.917918e+00 1.908297e-01 0.000000e+00 1.500000e-01
7.927928e+00 1.898770e-01 0.000000e+00 1.400000e-01
7.937938e+00 1.889290e-01 0.000000e+00 1.400000e-01
7.947948e+00 1.879858e-01 0.000000e+00 1.300000e-01
7.957958e+00 1.870473e-01 0.000000e+00 1.300000e-01
7.967968e+00 1.861134e-01 0.000000e+00 1.300000e-01
7.977978e+00 1.851843e-01 0.000000e+00 1.300000e-01
7.987988e+00 1.842597e-01 0.000000e+00 1.300000e-01
7.997998e+00 1.833398e-01 0.000000e+00 1.300000e-01
8.008008e+00 1.824245e-01 0.000000e+00 1.300000e-01
8.018018e+00 1.815137e-01 0.000000e+00 1.300000e-01
8.028028e+00 1.806075e-01 0.000000e+00 1.200000e-01
8.038038e+00 1.797059e-01 0.000000e+00 1.200000e-01
8.048048e+00 1.788087e-01 0.000000e+00 1.200000e-01
8.058058e+00 1.779160e-01 0.000000e+00 1.200000e-01
8.068068e+00 1.770277e-01 0.000000e+00 1.200000e-01
8.078078e+00 1.761439e-01 0.000000e+00 1.200000e-01
8.088088e+00 1.752645e-01 0.000000e+00 1.100000e-01
8.098098e+00 1.743895e-01 0.000000e+00 1.100000e-01
8.108108e+00 1.735189e-01 0.000000e+00 1.100000e-01
8.118118e+00 1.726526e-01 0.000000e+00 1.100000e-01
8.128128e+00 1.717906e-01 0.000000e+00 1.100000e-01
8.138138e+00 1.709329e-01 0.000000e+00 1.100000e-01
8.148148e+00 1.700796e-01 0.000000e+00 1.100000e-01
8.158158e+00 1.692304e-01 0.000000e+00 1.100000e-01
8.168168e+00 1.683855e-01 0.000000e+00 1.100000e-01
8.178178e+00 1.675449e-01 0.000000e+00 1.100000e-01
8.188188e+00 1.667084e-01 0.000000e+00 1.100000e-01
8.198198e+00 1.658761e-01 0.000000e+00 1.100000e-01
8.208208e+00 1.650480e-01 0.000000e+00 1.100000e-01
8.218218e+00 1.642240e-01 0.000000e+00 1.100000e-01
8.228228e+00 1.634041e-01 0.000000e+00 1.100000e-01
8.238238e+00 1.625883e-01 0.000000e+00 1.100000e-01
8.248248e+00 1.617766e-01 0.000000e+00 1.100000e-01
8.258258e+00 1.609689e-01 0.000000e+00 1.100000e-01
8.268268e+00 1.601653e-01 0.000000e+00 1.100000e-01
8.278278e+00 1.593656e-01 0.000000e+00 1.100000e-01
8.288288e+00 1.585700e-01 0.000000e+00 1.100000e-01
8.298298e+00 1.577784e-01 0.000000e+00 1.100000e-01
8.308308e+00 1.569906e-01 0.000000e+00 1.100000e-01
8.318318e+00 1.562069e-01 0.000000e+00 1.100000e-01
8.328328e+00 1.554270e-01 0.000000e+00 1.100000e-01
8.338338e+00 1.546510e-01 0.000000e+00 1.100000e-01
8.348348e+00 1.538789e-01 0.000000e+00 1.100000e-01
8.358358e+00 1.531107e-01 0.000000e+00 1.100000e-01
8.368368e+00 1.523463e-01 0.000000e+00 1.100000e-01
8.378378e+00 1.515857e-01 0.000000e+00 1.100000e-01
8.388388e+00 1.508289e-01 0.000000e+00 1.100000e-01
8.398398e+00 1.500759e-01 0.000000e+00 1.100000e-01
8.408408e+00 1.493266e-01 0.000000e+00 1.100000e-01
8.418418e+00 1.485811e-01 0.000000e+00 1.100000e-01
8.428428e+00 1.478393e-01 0.000000e+00 1.100000e-01
8.438438e+00 1.471013e-01 0.000000e+00 1.100000e-01
8.448448e+00 1.463669e-01 0.000000e+00 1.100000e-01
8.458458e+00 1.456361e-01 0.000000e+00 1.100000e-01
8.468468e+00 1.449090e-01 0.000000e+00 1.100000e-01
8.478478e+00 1.441856e-01 0.000000e+00 1.100000e-01
8.488488e+00 1.434657e-01 0.000000e+00 1.100000e-01
8.498498e+00 1.427495e-01 0.000000e+00 1.100000e-01
8.508509e+00 1.420368e-01 0.000000e+00 1.100000e-01
8.518519e+00 1.413277e-01 0.000000e+00 1.100000e-01
8.528529e+00 1.406221e-01 0.000000e+00 1.100000e-01
8.538539e+00 1.399200e-01 0.000000e+00 1.100000e-01
8.548549e+00 1.392215e-01 0.000000e+00 1.100000e-01
8.558559e+00 1.385264e-01 0.000000e+00 1.100000e-01
8.568569e+00 1.378348e-01 0.000000e+00 1.100000e-01
8.578579e+00 1.371467e-01 0.000000e+00 1.100000e-01
8.588589e+00 1.364620e-01 0.000000e+00 1.100000e-01
8.598599e+00 1.357807e-01 0.000000e+00 1.100000e-01
8.608609e+00 1.351028e-01 0.000000e+00 1.100000e-01
8.618619e+00 1.344283e-01 0.000000e+00 1.100000e-01
8.628629e+00 1.337572e-01 0.000000e+00 1.100000e-01
8.638639e+00 1.330894e-01 0.000000e+00 1.100000e-01
8.648649e+00 1.324249e-01 0.000000e+00 1.100000e-01
8.658659e+00 1.317638e-01 0.000000e+00 1.100000e-01
8.668669e+00 1.311060e-01 0.000000e+00 1.100000e-01
8.678679e+00 1.304514e-01 0.000000e+00 1.100000e-01
8.688689e+00 1.298002e-01 0.000000e+00 1.100000e-01
8.698699e+00 1.291521e-01 0.000000e+00 1.100000e-01
8.708709e+00 1.285073e-01 0.000000e+00 1.100000e-01
8.718719e+00 1.278658e-01 0.000000e+00 1.100000e-01
8.728729e+00 1.272274e-01 0.000000e+00 1.100000e-01
8.738739e+00 1.265922e-01 0.000000e+00 1.100000e-01
8.748749e+00 1.259602e-01 0.000000e+00 1.100000e-01
8.758759e+00 1.253313e-01 0.000000e+00 1.100000e-01
8.768769e+00 1.247056e-01 0.000000e+00 1.100000e-01
8.778779e+00 1.240830e-01 0.000000e+00 1.100000e-01
8.788789e+00 1.234636e-01 0.000000e+00 1.100000e-01
8.798799e+00 1.228472e-01 0.000000e+00 1.100000e-01
8.808809e+00 1.222338e-01 0.000000e+00 1.100000e-01
8.818819e+00 1.216236e-01 0.000000e+00 1.100000e-01
8.828829e+00 1.210164e-01 0.000000e+00 1.100000e-01
8.838839e+00 1.204122e-01 0.000000e+00 1.100000e-01
8.848849e+00 1.198111e-01 0.000000e+00 1.000000e-01
8.858859e+00 1.192129e-01 0.000000e+00 1.000000e-01
8.868869e+00 1.186177e-01 0.000000e+00 1.000000e-01
8.878879e+00 1.180255e-01 0.000000e+00 1.000000e-01
8.888889e+00 1.174363e-01 0.000000e+00 1.000000e-01
8.898899e+00 1.168500e-01 0.000000e+00 1.000000e-01
8.908909e+00 1.162666e-01 0.000000e+00 1.000000e-01
8.918919e+00 1.156861e-01 0.000000e+00 1.000000e-01
8.928929e+00 1.151086e-01 0.000000e+00 1.000000e-01
8.938939e+00 1.145339e-01 0.000000e+00 1.000000e-01
8.948949e+00 1.139621e-01 0.000000e+00 1.000000e-01
8.958959e+00 1.133931e-01 0.000000e+00 1.000000e-01
8.968969e+00 1.128270e-01 0.000000e+00 1.000000e-01
8.978979e+00 1.122637e-01 0.000000e+00 1.000000e-01
8.988989e+00 1.117033e-01 0.000000e+00 1.000000e-01
8.998999e+00 1.111456e-01 0.000000e+00 1.000000e-01
9.009009e+00 1.105907e-01 0.000000e+00 1.000000e-01
9.019019e+00 1.100386e-01 0.000000e+00 1.000000e-01
9.029029e+00 1.094892e-01 0.000000e+00 1.000000e-01
9.039039e+00 1.089426e-01 0.000000e+00 1.000000e-01
9.049049e+00 1.083987e-01 0.000000e+00 1.000000e-01
9.059059e+00 1.078575e-01 0.000000e+00 1.000000e-01
9.069069e+00 1.073190e-01 0.000000e+00 1.000000e-01
9.079079e+00 1.067832e-01 0.000000e+00 1.000000e-01
9.089089e+00 1.062501e-01 0.000000e+00 1.000000e-01
9.099099e+00 1.057197e-01 0.000000e+00 1.000000e-01
9.109109e+00 1.051918e-01 0.000000e+00 1.000000e-01
9.119119e+00 1.046667e-01 0.000000e+00 1.000000e-01
9.129129e+00 1.041441e-01 0.000000e+00 1.000000e-01
9.139139e+00 1.036242e-01 0.000000e+00 1.000000e-01
9.149149e+00 1.031068e-01 0.000000e+00 1.000000e-01
9.159159e+00 1.025921e-01 0.000000e+00 1.000000e-01
9.169169e+00 1.020799e-01 0.000000e+00 1.000000e-01
9.179179e+00 1.015703e-01 0.000000e+00 1.000000e-01
9.189189e+00 1.010632e-01 0.000000e+00 1.000000e-01
9.199199e+00 1.005586e-01 0.000000e+00 1.000000e-01
9.209209e+00 1.000566e-01 0.000000e+00 1.000000e-01
9.219219e+00 9.955704e-02 0.000000e+00 1.000000e-01
9.229229e+00 9.906000e-02 0.000000e+00 1.000000e-01
9.239239e+00 9.856545e-02 0.000000e+00 1.000000e-01
9.249249e+00 9.807336e-02 0.000000e+00 1.000000e-01
9.259259e+00 9.758373e-02 0.000000e+00 1.000000e-01
9.269269e+00 9.709654e-02 0.000000e+00 9.000000e-02
9.279279e+00 9.661179e-02 0.000000e+00 9.000000e-02
9.289289e+00 9.612945e-02 0.000000e+00 9.000000e-02
9.299299e+00 9.564952e-02 0.000000e+00 9.000000e-02
9.309309e+00 9.517199e-02 0.000000e+00 9.000000e-02
9.319319e+00 9.469685e-02 0.000000e+00 9.000000e-02
9.329329e+00 9.422407e-02 0.000000e+00 8.000000e-02
9.339339e+00 9.375366e-02 0.000000e+00 8.000000e-02
9.349349e+00 9.328559e-02 0.000000e+00 8.000000e-02
9.359359e+00 9.281987e-02 0.000000e+00 8.000000e-02
9.369369e+00 9.235646e-02 0.000000e+00 8.000000e-02
9.379379e+00 9.189537e-02 0.000000e+00 8.000000e-02
9.389389e+00 9.143659e-02 0.000000e+00 8.000000e-02
9.399399e+00 9.098009e-02 0.000000e+00 8.000000e-02
9.409409e+00 9.052587e-02 0.000000e+00 8.000000e-02
9.419419e+00 9.007392e-02 0.000000e+00 8.000000e-02
9.429429e+00 8.962423e-02 0.000000e+00 8.000000e-02
9.439439e+00 8.917678e-02 0.000000e+00 8.000000e-02
9.449449e+00 8.873156e-02 0.000000e+00 8.000000e-02
9.459459e+00 8.828857e-02 0.000000e+00 8.000000e-02
9.469469e+00 8.784779e-02 0.000000e+00 8.000000e-02
9.479479e+00 8.740921e-02 0.000000e+00 8.000000e-02
9.489489e+00 8.697282e-02 0.000000e+00 8.000000e-02
9.499499e+00 8.653861e-02 0.000000e+00 8.000000e-02
9.509510e+00 8.610656e-02 0.000000e+00 8.000000e-02
9.519520e+00 8.567667e-02 0.000000e+00 8.000000e-02
9.529530e+00 8.524893e-02 0.000000e+00 8.000000e-02
9.539540e+00 8.482333e-02 0.000000e+00 8.000000e-02
9.549550e+00 8.439985e-02 0.000000e+00 8.000000e-02
9.559560e+00 8.397848e-02 0.000000e+00 8.000000e-02
9.569570e+00 8.355922e-02 0.000000e+00 8.000000e-02
9.579580e+00 8.314205e-02 0.000000e+00 7.000000e-02
9.589590e+00 8.272696e-02 0.000000e+00 7.000000e-02
9.599600e+00 8.231395e-02 0.000000e+00 7.000000e-02
9.609610e+00 8.190300e-02 0.000000e+00 7.000000e-02
9.619620e+00 8.149409e-02 0.000000e+00 7.000000e-02
9.629630e+00 8.108724e-02 0.000000e+00 7.000000e-02
9.639640e+00 8.068241e-02 0.000000e+00 7.000000e-02
9.649650e+00 8.027960e-02 0.000000e+00 7.000000e-02
9.659660e+00 7.987880e-02 0.000000e+00 7.000000e-02
9.669670e+00 7.948001e-02 0.000000e+00 7.000000e-02
9.679680e+00 7.908321e-02 0.000000e+00 7.000000e-02
9.689690e+00 7.868838e-02 0.000000e+00 7.000000e-02
9.699700e+00 7.829553e-02 0.000000e+00 7.000000e-02
9.709710e+00 7.790464e-02 0.000000e+00 7.000000e-02
9.719720e+00 7.751570e-02 0.000000e+00 7.000000e-02
9.729730e+00 7.712870e-02 0.000000e+00 7.000000e-02
9.739740e+00 7.674364e-02 0.000000e+00 7.000000e-02
9.749750e+00 7.636050e-02 0.000000e+00 7.000000e-02
9.759760e+00 7.597927e-02 0.000000e+00 7.000000e-02
9.769770e+00 7.559994e-02 0.000000e+00 7.000000e-02
9.779780e+00 7.522251e-02 0.000000e+00 7.000000e-02
9.789790e+00 7.484696e-02 0.000000e+00 7.000000e-02
9.799800e+00 7.447329e-02 0.000000e+00 7.000000e-02
9.809810e+00 7.410148e-02 0.000000e+00 7.000000e-02
9.819820e+00 7.373153e-02 0.000000e+00 7.000000e-02
9.829830e+00 7.336342e-02 0.000000e+00 7.000000e-02
9.839840e+00 7.299715e-02 0.000000e+00 7.000000e-02
9.849850e+00 7.263272e-02 0.000000e+00 7.000000e-02
9.859860e+00 7.227010e-02 0.000000e+00 7.000000e-02
9.869870e+00 7.190929e-02 0.000000e+00 7.000000e-02
9.879880e+00 7.155028e-02 0.000000e+00 7.000000e-02
9.889890e+00 7.119307e-02 0.000000e+00 7.000000e-02
9.899900e+00 7.083763e-02 0.000000e+00 7.000000e-02
9.909910e+00 7.048398e-02 0.000000e+00 7.000000e-02
9.919920e+00 7.013209e-02 0.000000e+00 7.000000e-02
9.929930e+00 6.978195e-02 0.000000e+00 7.000000e-02
9.939940e+00 6.943357e-02 0.000000e+00 7.000000e-02
9.949950e+00 6.908692e-02 0.000000e+00 7.000000e-02
9.959960e+00 6.874200e-02 0.000000e+00 7.000000e-02
9.969970e+00 6.839881e-02 0.000000e+00 7.000000e-02
9.979980e+00 6.805733e-02 0.000000e+00 7.000000e-02
9.989990e+00 6.771755e-02 0.000000e+00 7.000000e-02
1.000000e+01 6.737947e-02 0.000000e+00 7.000000e-02
